19
240.00 475.00
89.00 813.00
840.00 68.00
716.00 33.00
158.00 188.00
823.00 858.00
587.00 777.00
448.00 674.00
641.00 354.00
82.00 244.00
587.00 682.00
443.00 70.00
75.00 951.00
593.00 159.00
12.00 524.00
926.00 45.00
41.00 468.00
286.00 971.00
45.00 33.00
19
871.00 737.00
277.00 788.00
601.00 924.00
811.00 141.00
813.00 296.00
36.00 572.00
970.00 459.00
932.00 985.00
158.00 219.00
776.00 738.00
394.00 171.00
885.00 315.00
489.00 634.00
943.00 563.00
579.00 412.00
837.00 612.00
605.00 430.00
547.00 427.00
859.00 516.00
