35
43.00 349.00
279.00 523.00
984.00 192.00
495.00 31.00
552.00 205.00
486.00 337.00
15.00 282.00
714.00 987.00
286.00 427.00
182.00 789.00
438.00 681.00
667.00 328.00
963.00 145.00
354.00 100.00
532.00 800.00
270.00 837.00
191.00 70.00
960.00 507.00
778.00 624.00
362.00 546.00
0.00 747.00
623.00 966.00
976.00 54.00
978.00 603.00
692.00 991.00
415.00 37.00
145.00 496.00
648.00 708.00
570.00 795.00
273.00 770.00
986.00 868.00
318.00 855.00
905.00 799.00
595.00 556.00
215.00 609.00
35
379.00 879.00
623.00 475.00
765.00 135.00
518.00 876.00
20.00 17.00
236.00 862.00
798.00 778.00
305.00 445.00
672.00 870.00
484.00 555.00
56.00 576.00
96.00 703.00
91.00 2.00
393.00 174.00
456.00 655.00
462.00 443.00
924.00 256.00
406.00 164.00
471.00 124.00
296.00 973.00
519.00 307.00
101.00 681.00
908.00 941.00
793.00 941.00
683.00 710.00
514.00 511.00
23.00 357.00
376.00 799.00
453.00 342.00
582.00 70.00
423.00 212.00
791.00 428.00
740.00 403.00
821.00 54.00
285.00 565.00
