28
253.00 217.00
970.00 653.00
447.00 832.00
408.00 240.00
750.00 614.00
28.00 378.00
446.00 798.00
849.00 343.00
864.00 78.00
545.00 899.00
774.00 31.00
142.00 193.00
176.00 346.00
390.00 166.00
933.00 981.00
55.00 428.00
237.00 431.00
79.00 587.00
591.00 160.00
271.00 189.00
199.00 324.00
816.00 441.00
155.00 657.00
295.00 868.00
781.00 263.00
261.00 130.00
971.00 296.00
298.00 650.00
28
486.00 0.00
531.00 779.00
704.00 39.00
898.00 89.00
905.00 956.00
997.00 613.00
507.00 332.00
817.00 444.00
517.00 380.00
176.00 359.00
741.00 475.00
88.00 443.00
954.00 763.00
879.00 969.00
336.00 617.00
980.00 441.00
221.00 427.00
672.00 522.00
92.00 395.00
548.00 749.00
928.00 593.00
908.00 67.00
307.00 741.00
61.00 148.00
999.00 853.00
851.00 482.00
501.00 323.00
206.00 174.00
