37
8.00 16.00
691.00 603.00
564.00 137.00
245.00 340.00
973.00 706.00
336.00 842.00
653.00 459.00
731.00 538.00
939.00 376.00
590.00 18.00
821.00 970.00
785.00 670.00
681.00 919.00
939.00 170.00
448.00 493.00
645.00 25.00
684.00 899.00
416.00 950.00
20.00 640.00
900.00 945.00
918.00 520.00
690.00 965.00
564.00 252.00
629.00 16.00
634.00 306.00
412.00 514.00
118.00 781.00
787.00 201.00
497.00 726.00
651.00 587.00
285.00 459.00
543.00 318.00
952.00 991.00
809.00 725.00
968.00 801.00
780.00 204.00
399.00 786.00
37
411.00 814.00
114.00 273.00
393.00 684.00
292.00 578.00
675.00 529.00
568.00 983.00
987.00 20.00
878.00 380.00
566.00 398.00
781.00 465.00
664.00 213.00
811.00 20.00
254.00 663.00
465.00 109.00
77.00 571.00
387.00 718.00
666.00 237.00
270.00 667.00
177.00 440.00
578.00 694.00
289.00 289.00
546.00 567.00
223.00 33.00
305.00 97.00
459.00 163.00
912.00 80.00
960.00 975.00
822.00 802.00
888.00 318.00
207.00 899.00
47.00 399.00
871.00 534.00
838.00 273.00
481.00 193.00
499.00 986.00
643.00 624.00
847.00 208.00
