50
128.00 983.00
452.00 241.00
369.00 401.00
522.00 873.00
118.00 252.00
524.00 8.00
198.00 691.00
549.00 771.00
733.00 528.00
851.00 350.00
66.00 881.00
205.00 344.00
879.00 727.00
820.00 485.00
426.00 643.00
655.00 875.00
770.00 2.00
883.00 529.00
571.00 971.00
346.00 117.00
237.00 590.00
660.00 733.00
121.00 832.00
52.00 560.00
223.00 812.00
588.00 460.00
388.00 502.00
351.00 112.00
895.00 991.00
582.00 429.00
422.00 736.00
685.00 786.00
641.00 499.00
879.00 216.00
619.00 48.00
343.00 912.00
245.00 358.00
281.00 849.00
566.00 791.00
293.00 498.00
866.00 613.00
36.00 973.00
416.00 415.00
390.00 676.00
544.00 281.00
499.00 152.00
268.00 699.00
288.00 672.00
375.00 400.00
669.00 199.00
50
804.00 393.00
52.00 97.00
760.00 491.00
813.00 831.00
90.00 495.00
880.00 201.00
146.00 801.00
266.00 420.00
712.00 75.00
675.00 660.00
630.00 723.00
103.00 452.00
233.00 370.00
37.00 555.00
124.00 230.00
900.00 625.00
445.00 642.00
948.00 50.00
452.00 956.00
204.00 970.00
633.00 0.00
424.00 562.00
941.00 819.00
181.00 978.00
708.00 307.00
696.00 400.00
946.00 597.00
443.00 608.00
596.00 798.00
122.00 588.00
392.00 670.00
190.00 837.00
935.00 954.00
351.00 467.00
425.00 25.00
63.00 401.00
818.00 698.00
332.00 245.00
452.00 724.00
806.00 695.00
917.00 765.00
675.00 183.00
746.00 935.00
687.00 76.00
253.00 560.00
936.00 410.00
611.00 385.00
41.00 124.00
904.00 17.00
620.00 299.00
