49
435.00 562.00
288.00 689.00
922.00 712.00
467.00 191.00
441.00 28.00
371.00 444.00
130.00 583.00
387.00 263.00
538.00 763.00
816.00 182.00
362.00 883.00
306.00 566.00
580.00 79.00
487.00 638.00
106.00 111.00
50.00 812.00
172.00 848.00
996.00 176.00
921.00 205.00
770.00 136.00
536.00 240.00
64.00 923.00
239.00 561.00
707.00 730.00
955.00 886.00
981.00 396.00
817.00 476.00
661.00 137.00
765.00 812.00
933.00 593.00
505.00 522.00
88.00 934.00
753.00 722.00
347.00 743.00
580.00 628.00
156.00 751.00
645.00 426.00
176.00 126.00
939.00 575.00
33.00 917.00
165.00 850.00
48.00 7.00
770.00 354.00
903.00 902.00
408.00 517.00
59.00 356.00
491.00 844.00
984.00 692.00
929.00 889.00
49
421.00 808.00
452.00 212.00
121.00 580.00
704.00 506.00
517.00 195.00
597.00 480.00
380.00 272.00
478.00 142.00
906.00 312.00
987.00 567.00
225.00 478.00
157.00 279.00
329.00 102.00
32.00 598.00
528.00 222.00
806.00 693.00
912.00 778.00
361.00 446.00
89.00 544.00
0.00 969.00
903.00 571.00
782.00 228.00
157.00 227.00
792.00 195.00
985.00 437.00
814.00 345.00
978.00 391.00
707.00 597.00
448.00 71.00
832.00 96.00
515.00 948.00
606.00 349.00
526.00 501.00
867.00 610.00
109.00 313.00
478.00 551.00
461.00 527.00
566.00 29.00
467.00 663.00
193.00 80.00
263.00 344.00
257.00 16.00
978.00 459.00
947.00 837.00
198.00 567.00
98.00 441.00
358.00 743.00
210.00 786.00
278.00 817.00
