48
543.00 228.00
313.00 667.00
787.00 398.00
701.00 61.00
808.00 342.00
906.00 817.00
511.00 564.00
591.00 900.00
861.00 202.00
176.00 813.00
543.00 446.00
30.00 8.00
689.00 707.00
925.00 545.00
499.00 729.00
702.00 284.00
806.00 118.00
110.00 444.00
694.00 933.00
31.00 43.00
360.00 510.00
37.00 922.00
837.00 718.00
36.00 993.00
255.00 89.00
952.00 897.00
132.00 61.00
196.00 776.00
529.00 601.00
263.00 733.00
697.00 517.00
732.00 764.00
982.00 684.00
258.00 348.00
391.00 895.00
820.00 327.00
891.00 92.00
48.00 418.00
820.00 639.00
437.00 823.00
295.00 935.00
249.00 679.00
196.00 765.00
169.00 51.00
65.00 776.00
510.00 940.00
228.00 829.00
752.00 989.00
48
291.00 266.00
639.00 590.00
203.00 467.00
241.00 903.00
684.00 571.00
396.00 782.00
316.00 413.00
869.00 37.00
141.00 686.00
198.00 285.00
350.00 521.00
496.00 129.00
400.00 759.00
43.00 390.00
316.00 395.00
211.00 721.00
659.00 205.00
141.00 474.00
150.00 517.00
203.00 455.00
599.00 995.00
836.00 684.00
96.00 756.00
656.00 618.00
755.00 639.00
778.00 965.00
273.00 609.00
511.00 19.00
47.00 134.00
806.00 10.00
645.00 297.00
552.00 104.00
329.00 526.00
706.00 241.00
692.00 734.00
361.00 189.00
739.00 195.00
357.00 120.00
497.00 348.00
825.00 758.00
594.00 843.00
218.00 390.00
3.00 940.00
589.00 198.00
385.00 825.00
518.00 272.00
440.00 165.00
991.00 683.00
