19
200.00 246.00
241.00 17.00
861.00 50.00
458.00 66.00
310.00 56.00
960.00 173.00
30.00 683.00
517.00 166.00
427.00 985.00
927.00 860.00
323.00 421.00
859.00 106.00
258.00 528.00
255.00 31.00
513.00 457.00
278.00 379.00
817.00 978.00
842.00 891.00
312.00 421.00
19
437.00 342.00
675.00 895.00
640.00 600.00
669.00 636.00
632.00 471.00
999.00 75.00
461.00 373.00
857.00 315.00
269.00 622.00
455.00 678.00
345.00 746.00
887.00 709.00
750.00 77.00
210.00 996.00
111.00 565.00
98.00 32.00
441.00 235.00
491.00 934.00
991.00 678.00
