34
471.00 806.00
313.00 487.00
728.00 555.00
195.00 58.00
213.00 468.00
323.00 868.00
386.00 312.00
626.00 562.00
889.00 205.00
105.00 878.00
634.00 201.00
530.00 763.00
999.00 947.00
746.00 101.00
213.00 275.00
514.00 142.00
864.00 255.00
454.00 607.00
741.00 440.00
725.00 972.00
390.00 637.00
707.00 763.00
338.00 278.00
75.00 478.00
19.00 947.00
553.00 79.00
724.00 502.00
711.00 964.00
219.00 366.00
950.00 211.00
811.00 509.00
591.00 167.00
693.00 684.00
992.00 422.00
34
687.00 270.00
766.00 83.00
252.00 721.00
921.00 438.00
823.00 149.00
174.00 232.00
683.00 672.00
696.00 758.00
224.00 249.00
320.00 337.00
126.00 202.00
60.00 597.00
786.00 350.00
190.00 660.00
765.00 539.00
151.00 371.00
585.00 169.00
652.00 757.00
918.00 675.00
287.00 295.00
172.00 390.00
8.00 893.00
657.00 368.00
838.00 835.00
365.00 619.00
424.00 997.00
292.00 986.00
113.00 491.00
811.00 139.00
596.00 583.00
23.00 542.00
588.00 913.00
43.00 525.00
672.00 981.00
