49
405.00 959.00
451.00 737.00
146.00 686.00
197.00 590.00
588.00 494.00
721.00 65.00
844.00 647.00
334.00 207.00
815.00 542.00
542.00 101.00
422.00 417.00
609.00 676.00
301.00 147.00
536.00 460.00
794.00 654.00
338.00 34.00
473.00 325.00
305.00 163.00
199.00 504.00
101.00 421.00
867.00 553.00
336.00 92.00
55.00 922.00
106.00 270.00
727.00 609.00
599.00 515.00
354.00 881.00
590.00 473.00
327.00 444.00
634.00 847.00
962.00 214.00
78.00 233.00
798.00 59.00
164.00 667.00
733.00 187.00
735.00 81.00
454.00 549.00
419.00 983.00
879.00 401.00
353.00 156.00
204.00 243.00
399.00 45.00
430.00 949.00
279.00 487.00
902.00 796.00
79.00 500.00
636.00 734.00
513.00 618.00
428.00 594.00
49
412.00 632.00
856.00 897.00
450.00 90.00
916.00 571.00
27.00 239.00
309.00 557.00
707.00 866.00
635.00 738.00
503.00 302.00
226.00 895.00
286.00 85.00
43.00 419.00
109.00 747.00
560.00 551.00
827.00 222.00
384.00 50.00
647.00 144.00
32.00 201.00
503.00 640.00
547.00 301.00
314.00 598.00
490.00 149.00
687.00 334.00
407.00 294.00
736.00 631.00
758.00 327.00
50.00 677.00
486.00 226.00
254.00 35.00
815.00 544.00
572.00 348.00
485.00 708.00
222.00 644.00
596.00 675.00
748.00 587.00
595.00 346.00
647.00 450.00
509.00 177.00
647.00 465.00
230.00 807.00
904.00 568.00
452.00 862.00
74.00 637.00
294.00 288.00
721.00 165.00
889.00 137.00
901.00 38.00
800.00 775.00
402.00 924.00
