24
820.00 213.00
875.00 11.00
354.00 651.00
128.00 833.00
672.00 828.00
811.00 317.00
786.00 891.00
851.00 430.00
572.00 442.00
519.00 570.00
160.00 230.00
381.00 688.00
405.00 831.00
351.00 500.00
833.00 530.00
674.00 884.00
906.00 705.00
881.00 419.00
601.00 847.00
667.00 380.00
344.00 812.00
752.00 82.00
797.00 695.00
697.00 29.00
24
688.00 517.00
760.00 479.00
210.00 493.00
654.00 295.00
551.00 334.00
740.00 822.00
997.00 939.00
52.00 160.00
941.00 934.00
1.00 758.00
865.00 114.00
908.00 434.00
167.00 93.00
401.00 850.00
645.00 358.00
705.00 544.00
853.00 508.00
513.00 913.00
427.00 560.00
298.00 581.00
125.00 787.00
818.00 991.00
562.00 690.00
700.00 742.00
