44
386.00 230.00
347.00 767.00
651.00 389.00
347.00 608.00
209.00 335.00
458.00 396.00
483.00 845.00
807.00 560.00
884.00 345.00
725.00 351.00
734.00 274.00
466.00 892.00
46.00 659.00
120.00 510.00
639.00 350.00
986.00 573.00
396.00 261.00
810.00 324.00
960.00 121.00
689.00 984.00
192.00 247.00
870.00 248.00
324.00 440.00
434.00 78.00
609.00 999.00
691.00 717.00
818.00 256.00
808.00 258.00
257.00 144.00
116.00 912.00
760.00 160.00
567.00 199.00
37.00 981.00
738.00 21.00
638.00 21.00
497.00 751.00
712.00 106.00
829.00 193.00
911.00 651.00
731.00 117.00
25.00 188.00
695.00 369.00
379.00 18.00
797.00 716.00
44
689.00 388.00
633.00 818.00
103.00 23.00
757.00 550.00
470.00 496.00
707.00 391.00
268.00 135.00
820.00 30.00
602.00 610.00
369.00 791.00
292.00 367.00
64.00 766.00
756.00 927.00
721.00 780.00
352.00 407.00
776.00 514.00
486.00 81.00
262.00 109.00
221.00 475.00
444.00 227.00
317.00 893.00
343.00 149.00
674.00 344.00
138.00 733.00
853.00 670.00
176.00 241.00
524.00 773.00
770.00 137.00
427.00 144.00
640.00 598.00
754.00 103.00
667.00 923.00
24.00 126.00
250.00 73.00
745.00 116.00
483.00 853.00
365.00 244.00
461.00 877.00
529.00 665.00
507.00 259.00
921.00 950.00
756.00 152.00
742.00 651.00
224.00 133.00
