32
672.00 571.00
97.00 67.00
555.00 162.00
973.00 362.00
560.00 277.00
748.00 981.00
35.00 74.00
821.00 44.00
898.00 723.00
309.00 95.00
989.00 970.00
756.00 295.00
737.00 269.00
688.00 877.00
278.00 794.00
54.00 267.00
710.00 868.00
494.00 176.00
863.00 670.00
319.00 904.00
922.00 527.00
651.00 922.00
404.00 103.00
804.00 156.00
869.00 410.00
871.00 844.00
344.00 507.00
512.00 280.00
914.00 714.00
158.00 897.00
695.00 449.00
160.00 243.00
32
857.00 275.00
936.00 168.00
82.00 750.00
719.00 517.00
980.00 562.00
209.00 429.00
190.00 850.00
178.00 69.00
434.00 83.00
722.00 305.00
301.00 99.00
349.00 421.00
711.00 964.00
6.00 941.00
860.00 385.00
909.00 592.00
130.00 240.00
430.00 907.00
203.00 241.00
772.00 291.00
589.00 774.00
813.00 589.00
625.00 739.00
24.00 273.00
17.00 199.00
525.00 140.00
989.00 251.00
412.00 797.00
848.00 195.00
360.00 747.00
758.00 307.00
613.00 412.00
