37
683.00 277.00
800.00 188.00
758.00 175.00
18.00 333.00
782.00 334.00
446.00 86.00
696.00 76.00
822.00 661.00
174.00 355.00
222.00 789.00
252.00 792.00
817.00 678.00
594.00 827.00
614.00 664.00
569.00 582.00
467.00 358.00
849.00 940.00
496.00 465.00
937.00 509.00
759.00 586.00
817.00 783.00
138.00 933.00
333.00 614.00
70.00 794.00
522.00 103.00
927.00 709.00
111.00 729.00
973.00 928.00
76.00 934.00
333.00 128.00
429.00 73.00
898.00 589.00
725.00 471.00
821.00 782.00
69.00 627.00
763.00 885.00
60.00 429.00
37
710.00 654.00
347.00 91.00
823.00 686.00
329.00 875.00
810.00 193.00
133.00 839.00
634.00 356.00
386.00 474.00
239.00 173.00
184.00 978.00
885.00 56.00
648.00 822.00
951.00 339.00
816.00 194.00
692.00 588.00
624.00 809.00
281.00 546.00
740.00 466.00
855.00 345.00
531.00 982.00
358.00 361.00
847.00 873.00
738.00 737.00
390.00 727.00
381.00 240.00
544.00 193.00
93.00 493.00
690.00 896.00
991.00 248.00
499.00 745.00
60.00 425.00
517.00 714.00
899.00 655.00
94.00 644.00
184.00 75.00
336.00 225.00
292.00 854.00
