20
102.00 870.00
749.00 853.00
855.00 826.00
674.00 754.00
634.00 269.00
451.00 383.00
810.00 673.00
596.00 148.00
288.00 507.00
504.00 961.00
319.00 923.00
742.00 193.00
103.00 851.00
116.00 884.00
856.00 774.00
34.00 964.00
802.00 68.00
626.00 890.00
426.00 787.00
22.00 825.00
20
23.00 207.00
923.00 803.00
558.00 949.00
909.00 740.00
323.00 572.00
163.00 892.00
185.00 534.00
445.00 200.00
756.00 158.00
523.00 147.00
828.00 441.00
375.00 657.00
765.00 882.00
501.00 996.00
669.00 161.00
370.00 411.00
870.00 916.00
403.00 239.00
925.00 465.00
984.00 536.00
