46
270.00 377.00
344.00 910.00
344.00 478.00
278.00 675.00
654.00 753.00
172.00 69.00
550.00 528.00
600.00 778.00
990.00 734.00
749.00 617.00
927.00 372.00
879.00 334.00
865.00 404.00
351.00 907.00
722.00 432.00
33.00 770.00
897.00 171.00
309.00 456.00
784.00 349.00
435.00 956.00
841.00 573.00
259.00 265.00
839.00 994.00
315.00 808.00
880.00 43.00
418.00 306.00
634.00 352.00
901.00 284.00
164.00 600.00
103.00 732.00
791.00 260.00
15.00 946.00
285.00 108.00
892.00 627.00
448.00 952.00
404.00 226.00
774.00 698.00
102.00 103.00
307.00 915.00
460.00 333.00
471.00 842.00
374.00 711.00
466.00 764.00
579.00 179.00
286.00 504.00
124.00 923.00
46
534.00 86.00
681.00 12.00
655.00 396.00
602.00 456.00
497.00 132.00
629.00 488.00
350.00 295.00
778.00 777.00
67.00 681.00
363.00 757.00
544.00 239.00
0.00 0.00
88.00 755.00
909.00 662.00
474.00 925.00
240.00 979.00
334.00 756.00
574.00 235.00
428.00 533.00
901.00 315.00
681.00 731.00
431.00 367.00
924.00 40.00
237.00 750.00
520.00 891.00
234.00 171.00
362.00 251.00
506.00 741.00
190.00 387.00
331.00 913.00
396.00 998.00
355.00 974.00
977.00 628.00
298.00 497.00
476.00 62.00
233.00 362.00
46.00 255.00
211.00 359.00
941.00 867.00
363.00 984.00
859.00 108.00
542.00 603.00
994.00 435.00
418.00 577.00
763.00 628.00
392.00 928.00
