22
164.00 814.00
982.00 986.00
244.00 186.00
927.00 646.00
748.00 120.00
453.00 890.00
832.00 378.00
788.00 624.00
501.00 417.00
383.00 129.00
157.00 691.00
921.00 373.00
608.00 770.00
520.00 877.00
421.00 870.00
414.00 550.00
826.00 532.00
914.00 737.00
416.00 918.00
695.00 602.00
578.00 469.00
699.00 230.00
22
807.00 988.00
586.00 416.00
902.00 751.00
436.00 845.00
218.00 316.00
852.00 766.00
270.00 496.00
859.00 190.00
170.00 997.00
69.00 549.00
887.00 723.00
946.00 4.00
736.00 493.00
823.00 650.00
545.00 549.00
14.00 263.00
60.00 986.00
619.00 679.00
810.00 177.00
57.00 848.00
439.00 850.00
429.00 952.00
