25
861.00 294.00
509.00 549.00
672.00 193.00
893.00 82.00
130.00 618.00
494.00 197.00
114.00 238.00
700.00 271.00
0.00 116.00
976.00 14.00
157.00 163.00
833.00 616.00
92.00 40.00
456.00 104.00
448.00 468.00
19.00 632.00
23.00 294.00
271.00 152.00
757.00 373.00
539.00 22.00
172.00 129.00
275.00 471.00
66.00 330.00
386.00 5.00
467.00 169.00
25
764.00 146.00
208.00 558.00
731.00 275.00
112.00 297.00
264.00 968.00
151.00 981.00
573.00 987.00
189.00 801.00
808.00 543.00
56.00 721.00
866.00 835.00
412.00 917.00
144.00 415.00
57.00 928.00
898.00 374.00
390.00 772.00
979.00 133.00
981.00 693.00
305.00 987.00
342.00 355.00
837.00 34.00
9.00 907.00
868.00 556.00
15.00 807.00
567.00 497.00
