49
575.00 33.00
218.00 390.00
950.00 424.00
928.00 152.00
123.00 36.00
265.00 190.00
922.00 306.00
36.00 643.00
31.00 55.00
214.00 465.00
730.00 695.00
68.00 448.00
622.00 496.00
274.00 900.00
294.00 128.00
499.00 843.00
234.00 652.00
329.00 864.00
118.00 956.00
944.00 489.00
92.00 107.00
486.00 400.00
164.00 787.00
317.00 232.00
720.00 168.00
701.00 621.00
125.00 283.00
564.00 313.00
87.00 538.00
983.00 125.00
340.00 262.00
629.00 301.00
819.00 637.00
145.00 271.00
342.00 913.00
529.00 645.00
310.00 161.00
806.00 97.00
575.00 631.00
443.00 945.00
748.00 738.00
256.00 19.00
435.00 420.00
969.00 930.00
252.00 535.00
355.00 169.00
734.00 315.00
879.00 543.00
867.00 339.00
49
427.00 524.00
77.00 657.00
564.00 724.00
817.00 503.00
112.00 970.00
283.00 24.00
588.00 142.00
154.00 837.00
89.00 82.00
45.00 772.00
180.00 337.00
582.00 287.00
414.00 617.00
686.00 465.00
753.00 322.00
457.00 14.00
669.00 327.00
475.00 691.00
657.00 541.00
731.00 427.00
334.00 730.00
272.00 596.00
816.00 592.00
826.00 370.00
750.00 490.00
570.00 522.00
445.00 286.00
851.00 961.00
688.00 844.00
794.00 798.00
875.00 958.00
677.00 214.00
871.00 104.00
81.00 575.00
696.00 481.00
486.00 903.00
830.00 650.00
758.00 661.00
777.00 239.00
356.00 303.00
688.00 716.00
18.00 766.00
596.00 634.00
846.00 255.00
208.00 715.00
589.00 388.00
452.00 482.00
232.00 859.00
3.00 605.00
