19
39.00 830.00
13.00 716.00
24.00 636.00
691.00 584.00
192.00 339.00
426.00 210.00
693.00 366.00
636.00 750.00
633.00 180.00
425.00 135.00
442.00 526.00
456.00 436.00
626.00 34.00
943.00 709.00
496.00 351.00
423.00 49.00
847.00 209.00
651.00 25.00
5.00 687.00
19
914.00 531.00
598.00 459.00
531.00 351.00
706.00 354.00
265.00 982.00
588.00 117.00
535.00 133.00
581.00 55.00
245.00 596.00
105.00 713.00
348.00 251.00
320.00 626.00
103.00 159.00
983.00 690.00
706.00 690.00
952.00 904.00
231.00 721.00
903.00 754.00
423.00 442.00
