50
709.00 318.00
901.00 229.00
182.00 322.00
704.00 423.00
26.00 583.00
250.00 71.00
957.00 335.00
306.00 452.00
183.00 668.00
991.00 973.00
179.00 235.00
883.00 960.00
784.00 891.00
72.00 667.00
517.00 463.00
770.00 615.00
122.00 832.00
773.00 993.00
588.00 719.00
528.00 490.00
466.00 241.00
243.00 970.00
550.00 939.00
500.00 264.00
742.00 224.00
512.00 981.00
724.00 209.00
681.00 603.00
546.00 204.00
387.00 896.00
306.00 1.00
67.00 639.00
485.00 49.00
258.00 280.00
490.00 207.00
654.00 462.00
841.00 3.00
345.00 946.00
601.00 109.00
743.00 486.00
647.00 319.00
938.00 589.00
943.00 294.00
664.00 57.00
768.00 986.00
968.00 525.00
756.00 588.00
440.00 85.00
405.00 104.00
994.00 218.00
50
622.00 235.00
697.00 842.00
904.00 414.00
815.00 815.00
852.00 644.00
896.00 486.00
681.00 864.00
636.00 260.00
710.00 67.00
64.00 52.00
690.00 333.00
879.00 556.00
362.00 537.00
448.00 929.00
307.00 78.00
8.00 839.00
993.00 738.00
273.00 582.00
455.00 658.00
522.00 225.00
480.00 600.00
985.00 616.00
749.00 109.00
750.00 521.00
631.00 127.00
810.00 763.00
744.00 516.00
497.00 819.00
285.00 415.00
115.00 131.00
271.00 690.00
329.00 399.00
347.00 445.00
854.00 313.00
950.00 326.00
348.00 192.00
468.00 58.00
729.00 445.00
571.00 939.00
433.00 966.00
588.00 563.00
758.00 582.00
410.00 215.00
972.00 212.00
30.00 47.00
858.00 99.00
265.00 301.00
535.00 595.00
395.00 108.00
913.00 957.00
