34
946.00 224.00
752.00 646.00
546.00 834.00
484.00 757.00
879.00 938.00
289.00 997.00
10.00 533.00
314.00 204.00
517.00 133.00
706.00 95.00
673.00 661.00
408.00 70.00
731.00 820.00
317.00 763.00
931.00 171.00
884.00 225.00
333.00 586.00
963.00 441.00
907.00 688.00
786.00 467.00
299.00 714.00
498.00 163.00
261.00 102.00
776.00 906.00
304.00 320.00
297.00 415.00
165.00 13.00
160.00 901.00
675.00 430.00
478.00 775.00
373.00 447.00
153.00 561.00
745.00 313.00
224.00 424.00
34
163.00 724.00
326.00 645.00
601.00 905.00
502.00 750.00
984.00 135.00
62.00 718.00
95.00 180.00
646.00 583.00
202.00 231.00
426.00 316.00
482.00 691.00
358.00 147.00
867.00 463.00
514.00 219.00
158.00 436.00
863.00 571.00
880.00 590.00
585.00 43.00
491.00 591.00
557.00 487.00
27.00 656.00
60.00 9.00
516.00 961.00
56.00 734.00
266.00 907.00
391.00 724.00
424.00 516.00
342.00 921.00
949.00 34.00
408.00 72.00
613.00 492.00
231.00 480.00
380.00 590.00
146.00 958.00
