40
273.00 597.00
926.00 106.00
862.00 776.00
639.00 217.00
965.00 333.00
73.00 435.00
834.00 265.00
117.00 420.00
150.00 849.00
54.00 134.00
233.00 334.00
209.00 423.00
416.00 384.00
62.00 374.00
407.00 226.00
412.00 671.00
216.00 367.00
45.00 688.00
701.00 898.00
253.00 10.00
497.00 596.00
759.00 666.00
741.00 860.00
485.00 541.00
511.00 160.00
70.00 711.00
922.00 468.00
81.00 642.00
757.00 724.00
230.00 915.00
526.00 893.00
72.00 599.00
33.00 663.00
913.00 100.00
101.00 757.00
770.00 131.00
432.00 384.00
91.00 53.00
162.00 193.00
71.00 924.00
40
480.00 662.00
356.00 883.00
50.00 407.00
586.00 72.00
567.00 137.00
713.00 777.00
663.00 730.00
872.00 693.00
810.00 534.00
483.00 621.00
887.00 538.00
229.00 635.00
375.00 199.00
822.00 33.00
675.00 185.00
263.00 204.00
763.00 665.00
356.00 554.00
136.00 495.00
960.00 307.00
20.00 380.00
743.00 805.00
649.00 279.00
752.00 666.00
360.00 543.00
418.00 861.00
67.00 480.00
82.00 154.00
724.00 641.00
273.00 446.00
560.00 30.00
746.00 135.00
526.00 857.00
53.00 357.00
244.00 806.00
877.00 522.00
548.00 958.00
769.00 613.00
683.00 221.00
25.00 541.00
